local OrionLib = loadstring(game:HttpGet(('https://raw.githubusercontent.com/thanhdat4461/OrionMoblie/main/source')))()

local Window = OrionLib:MakeWindow({Name = "Destroyer Hub 💥| Slap Battles V.7.1", HidePremium = false, IntroEnabled = true, IntroText = "Destroyer Hub💥", SaveConfig = true, ConfigFolder = "DestroyerHub"})

--Anti Ban (Credits to GiangMc)--

local Namecall
Namecall = hookmetamethod(game, "__namecall", function(self, ...)
   if getnamecallmethod() == "FireServer" and tostring(self) == "Ban" then
       return
   elseif getnamecallmethod() == "FireServer" and tostring(self) == "WalkSpeedChanged" then
       return
   elseif getnamecallmethod() == "FireServer" and tostring(self) == "AdminGUI" then
       return
   end
   return Namecall(self, ...)
end)



-- Tabs
local TabMain = Window:MakeTab({
        Name = "Main",
        Icon = "rbxassetid://4483345998",
        PremiumOnly = false
})

local TabMisc = Window:MakeTab({
        Name = "Misc",
        Icon = "rbxassetid://4483345998",
        PremiumOnly = false
})



local TabBadges = Window:MakeTab({
        Name = "Badges",
        Icon = "rbxassetid://4483345998",
        PremiumOnly = false
})

local TabTeleports = Window:MakeTab({
        Name = "Teleports",
        Icon = "rbxassetid://4483345998",
        PremiumOnly = false
})

local TabTrolling = Window:MakeTab({
        Name = "Trolling",
        Icon = "rbxassetid://4483345998",
        PremiumOnly = false
})


local TabCredits = Window:MakeTab({
        Name = "Credits",
        Icon = "rbxassetid://4483345998",
        PremiumOnly = false
})

local TabLogs = Window:MakeTab({
        Name = "Update Logs",
        Icon = "rbxassetid://4483345998",
        PremiumOnly = false
})


-- Buttons and Toggles

TabMain:AddToggle({
        Name = "Slap Farm (Need Dual)",
        Default = false,
        Callback = function(Value)
SlapFarm = Value
while SlapFarm do

local function GetRandomPlayer()
    local players = game.Players:GetPlayers()
    local randomIndex = math.random(1, #players)
    return players[randomIndex]
end

local function TeleportToRandomPlayer(player)
    local randomPlayer = GetRandomPlayer()
    if randomPlayer then
        player.Character:SetPrimaryPartCFrame(randomPlayer.Character.PrimaryPart.CFrame)
    else
        print("Nenhum jogador disponível para teleportar.")
    end
end

local player = game.Players.LocalPlayer
if player then
    TeleportToRandomPlayer(player)
else
    print("No Players to teleport.")
end
wait(0.5)
local players = game:GetService("Players"):GetPlayers()
local originPosition = game:GetService("Players").LocalPlayer.Character.HumanoidRootPart.Position -- If its being executed on a client
local closestPlayer = nil
local closestDistance = math.huge

for _, player in ipairs(players) do
    if player ~= game:GetService("Players").LocalPlayer then -- Random Child thing.
        local playerPosition = player.Character.HumanoidRootPart.Position
        local distance = (playerPosition - originPosition).magnitude
        if distance < closestDistance then
            closestPlayer = player
            closestDistance = distance
        end
    end
end

if closestPlayer then
    local args = {
        [1] = closestPlayer.Character.Torso
    }

    game:GetService("ReplicatedStorage").GeneralHit:FireServer(unpack(args))
else
    print("There is no players , only the local player. ")
end
task.wait(1.5)
  end
end  
})


TabMain:AddButton({
        Name = "Invisible",
        Callback = function()
fireclickdetector(workspace.Lobby["Ghost"].ClickDetector)
wait(2)
game:GetService("ReplicatedStorage"):WaitForChild("Ghostinvisibilityactivated"):FireServer()
end                
})


TabBadges:AddToggle({
        Name = "Bob Farm (Fixed)",
        Default = false,
        Callback = function(Value)
  BobFarm = Value
  while BobFarm do
    local jogador = game.Players.LocalPlayer
local destinoCFrame = CFrame.new(-810.162292, 329.90097, 3.98657513, 1, 0, 0, 0, 1, 0, 0, 0, 1)
jogador.Character:SetPrimaryPartCFrame(destinoCFrame)
wait(2)
local args = {
    [1] = true
}

game:GetService("ReplicatedStorage"):WaitForChild("Duplicate"):FireServer(unpack(args))
wait(1.5) 
local player = game.Players.LocalPlayer
player.Character:WaitForChild("Humanoid").Health = 0
  wait(6)
  end
end
})


TabMisc:AddButton({
        Name = "Anti-Void",
        Callback = function()

local platformSize = Vector3.new(1000, 5, 1000) 
    local transparency = 0.4 
    local cframe = CFrame.new(-117.657799, -13.2288647, 31.1358738, 0.341914088, 0, -0.93973124, 0, 1, 0, 0.93973124, 0, 0.341914088)
    local function createPlatform()
        local platform = Instance.new("Part")
        platform.Size = platformSize
        platform.Anchored = true
        platform.Transparency = transparency
        platform.BrickColor = BrickColor.new("Medium stone grey") 
        platform.CFrame = cframe
        platform.Parent = game.Workspace
        return platform
    end
    local platform = createPlatform()
end  
})

TabTrolling:AddButton({
        Name = "Kill Random Player (Needs Rob)",
        Callback = function()
    game:GetService("ReplicatedStorage").rob:FireServer()
    wait(4)
    -- Função para obter um jogador aleatório no servidor
    local function GetRandomPlayer()
        local players = game.Players:GetPlayers()
        local randomIndex = math.random(1, #players)
        return players[randomIndex]
    end

    -- Teleport Player to a Random Player
    local function TeleportToRandomPlayer(player)
        local randomPlayer = GetRandomPlayer()
        if randomPlayer then
            player.Character:SetPrimaryPartCFrame(randomPlayer.Character.PrimaryPart.CFrame)
        else
            print("Nenhum jogador disponível para teleportar.")
        end
    end

    -- Teleportar o jogador para uma pessoa aleatória quando o script é executado
    local player = game.Players.LocalPlayer
    if player then
        TeleportToRandomPlayer(player)
    else
        print("Não foi possível encontrar o jogador local.")
    end
end
})

TabMain:AddToggle({
        Name = "Auto Spawn Replica",
        Default = false,
        Callback = function(Value)
spawnReplica = Value
while spawnReplica do
    local args = {
            [1] = true
        }

        game:GetService("ReplicatedStorage"):WaitForChild("Duplicate"):FireServer(unpack(args))

        wait(6)  -- espera 6 segundos antes de continuar para a próxima execução
    end 
        end    
})

TabMain:AddToggle({
    Name = "Auto Slap Replica (Need Auto Spawn Replica)",
    Default = false,
    Callback = function(Value)
        slapReplica = Value
        while slapReplica do 
            local playerName = "\195\133" .. game.Players.LocalPlayer.Name
            local args = {
                [1] = workspace:WaitForChild(playerName):WaitForChild("Left Leg")
            }
            game:GetService("ReplicatedStorage"):WaitForChild("b"):FireServer(unpack(args))
            task.wait(0.2)
        end  
    end
})


TabMisc:AddButton({
        Name = "Safe Spot",
        Callback = function()
    -- Configurações da plataforma
    local platformSize = Vector3.new(1000, 10, 1000) -- Tamanho da plataforma (mais fina)
    local transparency = 0.3 -- Nível de transparência da plataforma

    -- CFrame fornecida
    local cframe = CFrame.new(5482.86963, 172.234634, -269.047546, -0.599627018, -0.00381562836, 0.800270498, -1.80001043e-05, 0.999988735, 0.00475436728, -0.800279677, 0.00283642649, -0.599620283)

    -- Função para criar a plataforma usando a CFrame fornecida
    local function createPlatform()
        local platform = Instance.new("Part")
        platform.Size = platformSize
        platform.Anchored = true
        platform.Transparency = transparency
        platform.BrickColor = BrickColor.new("Medium stone grey") -- Cor da plataforma (pode ser alterada)
        platform.CFrame = cframe
        platform.Parent = game.Workspace
        return platform
    end

    -- Criar a plataforma
    local platform = createPlatform()
    wait(1)
    local player = game.Players.LocalPlayer
    local character = player.Character or player.CharacterAdded:Wait()
    local humanoid = character:WaitForChild("Humanoid")

    local newCFrame = CFrame.new(5597.26465, 181.799469, -146.706467, -0.435461491, 0.00667448156, 0.900182664, -1.16910187e-05, 0.999972463, -0.00742003508, -0.9002074, -0.00324165984, -0.435449421)

    humanoid.RootPart.CFrame = newCFrame
end    
})

TabTrolling:AddButton({
        Name = "Jester All (Beta)",
        Callback = function()
local Players = game:GetService("Players")
local ReplicatedStorage = game:GetService("ReplicatedStorage")

for i = 1, 40 do
    local allPlayers = Players:GetPlayers()
    local randomPlayer = allPlayers[math.random(1, #allPlayers)]

    local args = {
        [1] = "Ability3",
        [2] = randomPlayer
    }

    ReplicatedStorage:WaitForChild("GeneralAbility"):FireServer(unpack(args))

    -- Esperar 1.7 segundos antes da próxima iteração
    wait(2)
  end
end    
})

TabMisc:AddToggle({
        Name = "Null Spam",
        Default = false,
        Callback = function(Value)
nullSpam = Value
while nullSpam do
game:GetService("ReplicatedStorage"):WaitForChild("NullAbility"):FireServer() 
task.wait(10)
          end
        end    
})

TabMisc:AddButton({
        Name = "GodMode (Need Golden)",
        Callback = function()
fireclickdetector(workspace.Lobby["Golden"].ClickDetector)
wait(1)
local jogador = game.Players.LocalPlayer
local destinoCFrame = CFrame.new(-810.162292, 329.90097, 3.98657513, 1, 0, 0, 0, 1, 0, 0, 0, 1)
jogador.Character:SetPrimaryPartCFrame(destinoCFrame)
wait(1)
local args = {
    [1] = true
}

game:GetService("ReplicatedStorage"):WaitForChild("Goldify"):FireServer(unpack(args))
end    
})


TabTeleports:AddButton({
        Name = "Teleport To Plate",
        Callback = function()
game.Players.LocalPlayer.Character.HumanoidRootPart.CFrame = game.workspace.Arena.Plate.CFrame
          end    
})


TabBadges:AddToggle({
        Name = "Brick Farm",
        Default = false,
        Callback = function(Value)
BrickFarm = Value 
while BrickFarm do
game:GetService("VirtualInputManager"):SendKeyEvent(true,"E",false,x)
task.wait(1)
  end
end
})


TabMisc:AddToggle({
        Name = "Spam Error Sound",
        Default = false,
        Callback = function(Value)
errorSound = Value
while errorSound do
  game:GetService("ReplicatedStorage"):WaitForChild("ErrorDeath"):FireServer() 
task.wait(2)
  end
end 
})

TabTrolling:AddButton({
	Name = "Kick Random Player",
	Callback = function()
local position = CFrame.new(-732.574097, 306.27005, -1.09629261, -0.0223243386, 0.0153695755, -0.999632657, -2.04585031e-05, 0.999881864, 0.0153738642, 0.999750793, 0.000363676081, -0.0223213844)
local transparency = 0.2

local part = Instance.new("Part")
part.Size = Vector3.new(100, 1.5, 100) -- Tamanho da plataforma
part.Position = position.p -- Posição da plataforma
part.Anchored = true -- A plataforma está ancorada
part.Transparency = transparency -- Definir transparência
part.Parent = game.Workspace -- Colocar a plataforma no espaço de trabalho
wait(2)
local player = game.Players.LocalPlayer
local character = player.Character or player.CharacterAdded:Wait()
local humanoid = character:WaitForChild("Humanoid")

local newCFrame = CFrame.new(-723.266052, 310.018982, -0.0775156692, -0.473462105, -9.27528063e-08, -0.880814195, -2.28346426e-08, 1, -9.30292359e-08, 0.880814195, -2.39327402e-08, -0.473462105)

humanoid.RootPart.CFrame = newCFrame
wait(0.5)
local args = {
    [1] = game:GetService("Players").LocalPlayer.Character.Recall,
    [2] = Vector3.new(55.76399230957031, -5.172937870025635, 45.26799011230469)
}

game:GetService("ReplicatedStorage"):WaitForChild("Recall"):InvokeServer(unpack(args))

wait(2.4)
-- Função para obter um jogador aleatório no servidor
local function GetRandomPlayer()
    local players = game.Players:GetPlayers()
    local randomIndex = math.random(1, #players)
    return players[randomIndex]
end

-- Função para teleportar um jogador para outro jogador aleatório
local function TeleportToRandomPlayer(player)
    local randomPlayer = GetRandomPlayer()
    if randomPlayer then
        player.Character:SetPrimaryPartCFrame(randomPlayer.Character.PrimaryPart.CFrame)
    else
        print("Nenhum jogador disponível para teleportar.")
    end
end

-- Teleportar o jogador para uma pessoa aleatória quando o script é executado
local player = game.Players.LocalPlayer
if player then
    TeleportToRandomPlayer(player)
else
    print("Não foi possível encontrar o jogador local.")
  end
end    
})


TabBadges:AddDropdown({
	Name = "Elude Keypad",
	Default = "1",
	Options = {"1 Player", "2 Players", "3 Players", "4 Players", "5 Players", "6 Players", "7 Players", "8 Players", "9 Players", "10 Players", "11 Players", "12 Players", "13 Players", "14 Players"},
	Callback = function(Value)
if Value == "1 Player" then
fireclickdetector(workspace.Keypad.Buttons["1"].ClickDetector)
wait(0.5)
fireclickdetector(workspace.Keypad.Buttons["1"].ClickDetector)
wait(0.5)
fireclickdetector(workspace.Keypad.Buttons["1"].ClickDetector)
wait(0.5)
fireclickdetector(workspace.Keypad.Buttons["8"].ClickDetector)
wait(0.5)
fireclickdetector(workspace.Keypad.Buttons["Enter"].ClickDetector)
elseif Value == "2 Players" then 
fireclickdetector(workspace.Keypad.Buttons["1"].ClickDetector)
wait(0.5)
fireclickdetector(workspace.Keypad.Buttons["1"].ClickDetector)
wait(0.5)
fireclickdetector(workspace.Keypad.Buttons["4"].ClickDetector)
wait(0.5)
fireclickdetector(workspace.Keypad.Buttons["3"].ClickDetector)
wait(0.5)
fireclickdetector(workspace.Keypad.Buttons["Enter"].ClickDetector)
elseif Value == "3 Players" then
fireclickdetector(workspace.Keypad.Buttons["1"].ClickDetector)
wait(0.5)
fireclickdetector(workspace.Keypad.Buttons["1"].ClickDetector)
wait(0.5)
fireclickdetector(workspace.Keypad.Buttons["6"].ClickDetector)
wait(0.5)
fireclickdetector(workspace.Keypad.Buttons["8"].ClickDetector)
wait(0.5)
fireclickdetector(workspace.Keypad.Buttons["Enter"].ClickDetector)
elseif Value == "4 Players" then
fireclickdetector(workspace.Keypad.Buttons["1"].ClickDetector)
wait(0.5)
fireclickdetector(workspace.Keypad.Buttons["1"].ClickDetector)
wait(0.5)
fireclickdetector(workspace.Keypad.Buttons["9"].ClickDetector)
wait(0.5)
fireclickdetector(workspace.Keypad.Buttons["3"].ClickDetector)
wait(0.5)
fireclickdetector(workspace.Keypad.Buttons["Enter"].ClickDetector)
elseif Value == "5 Players" then
fireclickdetector(workspace.Keypad.Buttons["1"].ClickDetector)
wait(0.5)
fireclickdetector(workspace.Keypad.Buttons["2"].ClickDetector)
wait(0.5)
fireclickdetector(workspace.Keypad.Buttons["1"].ClickDetector)
wait(0.5)
fireclickdetector(workspace.Keypad.Buttons["8"].ClickDetector)
wait(0.5)
fireclickdetector(workspace.Keypad.Buttons["Enter"].ClickDetector)
elseif Value == "6 Players" then
fireclickdetector(workspace.Keypad.Buttons["1"].ClickDetector)
wait(0.5)
fireclickdetector(workspace.Keypad.Buttons["2"].ClickDetector)
wait(0.5)
fireclickdetector(workspace.Keypad.Buttons["4"].ClickDetector)
wait(0.5)
fireclickdetector(workspace.Keypad.Buttons["3"].ClickDetector)
wait(0.5)
fireclickdetector(workspace.Keypad.Buttons["Enter"].ClickDetector)
elseif Value == "7 Players" then
fireclickdetector(workspace.Keypad.Buttons["1"].ClickDetector)
wait(0.5)
fireclickdetector(workspace.Keypad.Buttons["2"].ClickDetector)
wait(0.5)
fireclickdetector(workspace.Keypad.Buttons["6"].ClickDetector)
wait(0.5)
fireclickdetector(workspace.Keypad.Buttons["3"].ClickDetector)
wait(0.5)
fireclickdetector(workspace.Keypad.Buttons["Enter"].ClickDetector)
elseif Value == "8 Players" then
fireclickdetector(workspace.Keypad.Buttons["1"].ClickDetector)
wait(0.5)
fireclickdetector(workspace.Keypad.Buttons["2"].ClickDetector)
wait(0.5)
fireclickdetector(workspace.Keypad.Buttons["9"].ClickDetector)
wait(0.5)
fireclickdetector(workspace.Keypad.Buttons["3"].ClickDetector)
wait(0.5)
fireclickdetector(workspace.Keypad.Buttons["Enter"].ClickDetector)
elseif Value == "9 Players" then
fireclickdetector(workspace.Keypad.Buttons["1"].ClickDetector)
wait(0.5)
fireclickdetector(workspace.Keypad.Buttons["3"].ClickDetector)
wait(0.5)
fireclickdetector(workspace.Keypad.Buttons["1"].ClickDetector)
wait(0.5)
fireclickdetector(workspace.Keypad.Buttons["8"].ClickDetector)
wait(0.5)
fireclickdetector(workspace.Keypad.Buttons["Enter"].ClickDetector)
elseif Value == "10 Players" then
fireclickdetector(workspace.Keypad.Buttons["1"].ClickDetector)
wait(0.5)
fireclickdetector(workspace.Keypad.Buttons["3"].ClickDetector)
wait(0.5)
fireclickdetector(workspace.Keypad.Buttons["4"].ClickDetector)
wait(0.5)
fireclickdetector(workspace.Keypad.Buttons["3"].ClickDetector)
wait(0.5)
fireclickdetector(workspace.Keypad.Buttons["Enter"].ClickDetector)
elseif Value == "11 Players" then
fireclickdetector(workspace.Keypad.Buttons["1"].ClickDetector)
wait(0.5)
fireclickdetector(workspace.Keypad.Buttons["3"].ClickDetector)
wait(0.5)
fireclickdetector(workspace.Keypad.Buttons["6"].ClickDetector)
wait(0.5)
fireclickdetector(workspace.Keypad.Buttons["8"].ClickDetector)
wait(0.5)
fireclickdetector(workspace.Keypad.Buttons["Enter"].ClickDetector)
elseif Value == "12 Players" then
fireclickdetector(workspace.Keypad.Buttons["1"].ClickDetector)
wait(0.5)
fireclickdetector(workspace.Keypad.Buttons["3"].ClickDetector)
wait(0.5)
fireclickdetector(workspace.Keypad.Buttons["9"].ClickDetector)
wait(0.5)
fireclickdetector(workspace.Keypad.Buttons["3"].ClickDetector)
wait(0.5)
fireclickdetector(workspace.Keypad.Buttons["Enter"].ClickDetector)
elseif Value == "13 Players" then
fireclickdetector(workspace.Keypad.Buttons["1"].ClickDetector)
wait(0.5)
fireclickdetector(workspace.Keypad.Buttons["4"].ClickDetector)
wait(0.5)
fireclickdetector(workspace.Keypad.Buttons["1"].ClickDetector)
wait(0.5)
fireclickdetector(workspace.Keypad.Buttons["8"].ClickDetector)
wait(0.5)
fireclickdetector(workspace.Keypad.Buttons["Enter"].ClickDetector)
elseif Value == "14 Players" then
fireclickdetector(workspace.Keypad.Buttons["1"].ClickDetector)
wait(0.5)
fireclickdetector(workspace.Keypad.Buttons["4"].ClickDetector)
wait(0.5)
fireclickdetector(workspace.Keypad.Buttons["4"].ClickDetector)
wait(0.5)
fireclickdetector(workspace.Keypad.Buttons["3"].ClickDetector)
wait(0.5)
fireclickdetector(workspace.Keypad.Buttons["Enter"].ClickDetector)
  end
end    
})


TabTeleports:AddDropdown({
    Name = "Teleport",
    Default = "Choose A Place",
    Options = {"Choose A Place", "Arena", "Slapple", "Cannon", "Lobby", "Default Island", "Tournament"},
    Callback = function(Value)
        local player = game.Players.LocalPlayer
        local character = player.Character or player.CharacterAdded:Wait()
        if Value == "Arena" then 
            local cframe = CFrame.new(40.6329346, -3.69798946, 17.1903038, 0.172667935, -0.0038329165, 0.984972656, -1.42282324e-05, 0.99999243, 0.00389386038, -0.984980106, -0.00068636972, 0.172666565)
            character:SetPrimaryPartCFrame(cframe)
        elseif Value == "Slapple" then
            local cframe = CFrame.new(-392.199005, 52.260437, -11.50669, -0.0686506107, 0.0031023256, -0.99763602, -5.76306866e-06, 0.999995291, 0.00311006, 0.997640789, 0.000219268302, -0.0686502606)
            character:SetPrimaryPartCFrame(cframe)
        elseif Value == "Choose A Place" then
            print("Escolha um local para teleportar.")
        elseif Value == "Cannon" then
            local cframe = CFrame.new(263.296326, 35.1829185, 195.506088, 0.648741186, -0.00185392145, 0.761006892, -3.16862497e-06, 0.99999702, 0.00243883952, -0.761009097, -0.00158458925, 0.648739219)
            character:SetPrimaryPartCFrame(cframe)
        elseif Value == "Lobby" then
            local cframe = CFrame.new(-795.934753, 329.274933, -1.03634119, 0.148197666, 0.00229916582, -0.988955081, -2.76089145e-06, 0.999997318, 0.00232442468, 0.988957763, -0.00034175007, 0.148197278)
            character:SetPrimaryPartCFrame(cframe)
        elseif Value == "Default Island" then
            local cframe = CFrame.new(131.374573, 361.482452, -6.89128542, -0.945504069, -0.000790083141, -0.325609207, -8.7355096e-07, 0.999997079, -0.00242393324, 0.325610131, -0.00229155412, -0.945501328)
            character:SetPrimaryPartCFrame(cframe)
         elseif Value == "Tournament" then
            local cframe = CFrame.new(3417.19458, 83.9930954, 2.8145473, -0.103299014, -0.00704767602, -0.99462539, -1.18029084e-05, 0.999975026, -0.00708435476, 0.994650424, -0.000720054784, -0.103296511)
            character:SetPrimaryPartCFrame(cframe)
        end
    end
})


TabTrolling:AddButton({
	Name = "Tp Player to Void",
	Callback = function()
local position = CFrame.new(-0.870855868, -83.7384109, 67.2636642, 0.606934488, 0.138144612, 0.782653511, -2.55355753e-05, 0.98478061, -0.173801869, -0.794751883, 0.105466358, 0.597700834)
local transparency = 1

local part = Instance.new("Part")
part.Size = Vector3.new(100, 1.5, 100) -- Tamanho da plataforma
part.Position = position.p -- Posição da plataforma
part.Anchored = true -- A plataforma está ancorada
part.Transparency = transparency -- Definir transparência
part.Parent = game.Workspace -- Colocar a plataforma no espaço de trabalho
wait(0.3)
local player = game.Players.LocalPlayer
local character = player.Character or player.CharacterAdded:Wait()
local humanoid = character:WaitForChild("Humanoid")

local newCFrame = CFrame.new(18.8732738, -78.5206528, 65.7878113, 0.965421259, 0.00140214222, 0.260691017, -1.30823523e-07, 0.999985576, -0.00537798367, -0.260694802, 0.00519198459, 0.965407312)

humanoid.RootPart.CFrame = newCFrame
wait(0.5)
game:GetService("ReplicatedStorage"):WaitForChild("SLOC"):FireServer()
end    
})

TabBadges:AddButton({
	Name = "Get Brazil Badge",
	Callback = function()
firetouchinterest(game.Players.LocalPlayer.Character:WaitForChild("Head"), workspace.Brazil.portal.TouchInterest.Parent, 0)
end    
})


TabBadges:AddButton({
	Name = "Get Orange Badge",
	Callback = function()
fireclickdetector(workspace.Arena.island5["Orange"].ClickDetector)
end   
})


TabTrolling:AddButton({
	Name = "Teleport Player to Tournament",
	Callback = function()
local player = game.Players.LocalPlayer
local character = player.Character or player.CharacterAdded:Wait()

local cframe = CFrame.new(3417.19458, 83.9930954, 2.8145473, -0.103299014, -0.00704767602, -0.99462539, -1.18029084e-05, 0.999975026, -0.00708435476, 0.994650424, -0.000720054784, -0.103296511)

character:SetPrimaryPartCFrame(cframe)
wait(1)
game:GetService("ReplicatedStorage"):WaitForChild("SLOC"):FireServer()
end    
})
